   1.410290843864519 	    1.410290843864519 
   0.000000000000001 	    2.000419847819187 
   5.000355362198667 	    5.000355362198667 
   0.000000000000001 	    5.000423693203807 
   2.000419847819187 	    0.000000000000000 
   5.000423693203807 	    0.000000000000000 
   2.100411659878764 	    0.056210635658130 
   2.100411070444330 	    0.112021047042758 
   2.090410832890041 	    0.168031754146869 
   2.090409308238290 	    0.224042274697249 
   2.080407903627929 	    0.280052989823553 
   2.080405310566472 	    0.336063289379562 
   2.070403186396478 	    0.391073547311691 
   2.060400943179493 	    0.446083807353764 
   2.050398312300796 	    0.501094147615074 
   2.030395540198001 	    0.556105017077279 
   2.020391799122889 	    0.610114758887495 
   2.010387699752667 	    0.664124442545344 
   1.990383641070282 	    0.718134697242330 
   1.970379400963586 	    0.771144612807340 
   1.950374942634338 	    0.823154389778926 
   1.930370102503752 	    0.875163996514696 
   1.910365032949926 	    0.927173348315128 
   1.890359794843185 	    0.978182465736601 
   1.870354077985496 	    1.030191504643156 
   1.840348297061340 	    1.080201109096111 
   1.820342132824047 	    1.130209389370390 
   1.790335687061274 	    1.180218445719864 
   1.760330220610035 	    1.220226330396517 
   1.730323249591958 	    1.270235028118438 
   1.700316145483925 	    1.320243406466183 
   1.670310098558313 	    1.360250822567008 
   1.640302413419676 	    1.410258861274350 
   1.600295399411791 	    1.450266906151618 
   1.570288828558168 	    1.490273517610354 
   2.200404990181381 	    0.060010653377455 
   2.200404355328809 	    0.120021309498905 
   2.190403864252227 	    0.180032087362617 
   2.190402290558337 	    0.240042674220136 
   2.180400861087494 	    0.299053253842924 
   2.180398443252378 	    0.359063565160521 
   2.170396270642317 	    0.418073958950795 
   2.160393716217920 	    0.477084299025891 
   2.150390733424801 	    0.536094556114237 
   2.140387403117727 	    0.594104521510764 
   2.120384053012490 	    0.652114978702289 
   2.110379904100814 	    0.710124588886972 
   2.090375774106235 	    0.768134705762756 
   2.080371117137427 	    0.825143777951624 
   2.060366519451689 	    0.881153290152999 
   2.040361650406062 	    0.937162649964657 
   2.020356478604820 	    0.993171849766312 
   2.000350894160104 	    1.050180945001804 
   1.970345798689992 	    1.100189932513322 
   1.950339324777618 	    1.160198886462747 
   1.920333589076379 	    1.210207461477537 
   1.900327794088665 	    1.260214809539832 
   1.870321637825437 	    1.310222983279448 
   1.840315278548362 	    1.360230935283945 
   1.810308730692691 	    1.410238684773366 
   1.780301956314333 	    1.460246178527080 
   1.750295092560972 	    1.510253412048178 
   1.720288077275549 	    1.560260427508473 
   1.690280855134529 	    1.610267157928968 
   2.300399353989534 	    0.063810728354205 
   2.300398685026577 	    0.128021495571603 
   2.290398088145451 	    0.191032184833721 
   2.290396525238397 	    0.255042822908584 
   2.280395037039525 	    0.318053444636554 
   2.280392651475269 	    0.382063841248824 
   2.270390348958544 	    0.445074301634811 
   2.260387641261066 	    0.508084672497931 
   2.250384593751209 	    0.570094769619394 
   2.240381098815019 	    0.633104870354873 
   2.230377299400573 	    0.695114633720692 
   2.210373501888207 	    0.756124692661921 
   2.200369044099058 	    0.818134063333543 
   2.180364655509229 	    0.878143660491868 
   2.160359878242919 	    0.939153200490864 
   2.140354892363152 	    0.999162428333816 
   2.120349529850858 	    1.060171567563305 
   2.100344009506678 	    1.120180367470654 
   2.080338228658843 	    1.180188909233445 
   2.060333243139140 	    1.230196123118988 
   2.030326971540381 	    1.290205117046027 
   2.010320641439446 	    1.350212903686339 
   1.980314923347373 	    1.400220416760745 
   1.960308344982948 	    1.460227680259504 
   1.930302325041893 	    1.510234799844441 
   1.900295165527068 	    1.570242498721164 
   1.870288857259293 	    1.620249167288427 
   1.840282447519247 	    1.670255611505566 
   1.810275968886245 	    1.720261848482203 
   2.400394679758266 	    0.067610780701016 
   2.400394016811878 	    0.135021496712305 
   2.390393308915082 	    0.203032410079582 
   2.390391776798211 	    0.270042951674643 
   2.390389838008266 	    0.337053370610593 
   2.380387867881185 	    0.404063962400547 
   2.370385478750006 	    0.471074464895040 
   2.360382686949189 	    0.538084861602759 
   2.350379500376709 	    0.605095121000074 
   2.340376000357046 	    0.671105069164923 
   2.330372166029360 	    0.737114827954158 
   2.320368083226962 	    0.802124240760990 
   2.300363856582837 	    0.867134078429653 
   2.280359302676943 	    0.932143719941016 
   2.270354405033544 	    0.997152485500834 
   2.250349457202221 	    1.060161479008917 
   2.230344531423763 	    1.120169921775147 
   2.210338538034900 	    1.190179265707888 
   2.190333181607808 	    1.250187242213178 
   2.170327651073047 	    1.310195021785932 
   2.140321754961835 	    1.370203372962145 
   2.120315935320039 	    1.430210683248707 
   2.100310012117096 	    1.490217743895934 
   2.070303657029553 	    1.550225434684830 
   2.040297162007654 	    1.610232857575802 
   2.010290549150356 	    1.670240032535077 
   1.980283830429237 	    1.730246965190908 
   1.950277927537716 	    1.780252980997625 
   1.920271076229003 	    1.840259443273349 
   2.500390874928171 	    0.071410829942773 
   2.500390208553863 	    0.143021657448254 
   2.490389436843830 	    0.214032478324316 
   2.490387913742549 	    0.285043097626638 
   2.490385982422089 	    0.356053591099955 
   2.480383935629788 	    0.427064231193306 
   2.470381476828368 	    0.498074785916757 
   2.460378614865923 	    0.569085209685371 
   2.450375424147703 	    0.639095344778803 
   2.440371881093844 	    0.709105305835704 
   2.430368009630023 	    0.779115083067871 
   2.420363908861270 	    0.848124516890299 
   2.400359593137150 	    0.917134294129111 
   2.390354950691756 	    0.986143289765022 
   2.370350438178161 	    1.050152086442177 
   2.360345312544307 	    1.120160707015076 
   2.340339906369447 	    1.190169759735091 
   2.320334292704383 	    1.260178523895743 
   2.300329280994395 	    1.320186050245784 
   2.280323337072400 	    1.390194333590515 
   2.250317791620653 	    1.450202181647994 
   2.230311569896290 	    1.520209957615603 
   2.210306067134178 	    1.580216614785774 
   2.180299315093844 	    1.650224631674913 
   2.160293678179467 	    1.710230827216963 
   2.130287569826187 	    1.770237605537119 
   2.100281393308699 	    1.830244158159488 
   2.070275144708503 	    1.890250503409418 
   2.040268862983897 	    1.950256633286365 
   2.600387845532116 	    0.075210877380861 
   2.600387192699768 	    0.150021661320816 
   2.600386088609294 	    0.226032556333902 
   2.590384814453466 	    0.301043404714907 
   2.590382885322735 	    0.376053966759739 
   2.580380803510070 	    0.450064516928726 
   2.570378284664422 	    0.525075109464974 
   2.570375266941001 	    0.599085063828399 
   2.560372012429614 	    0.674095340504146 
   2.550368512912907 	    0.747105180354132 
   2.530364711941805 	    0.821115421902041 
   2.520360587314623 	    0.894124872689834 
   2.510356218142433 	    0.967134103899798 
   2.490351573558189 	    1.040143648164530 
   2.480346930903974 	    1.110152073561084 
   2.460342033802748 	    1.180160874565484 
   2.440336208650304 	    1.260170462736825 
   2.430331084501999 	    1.330178135105178 
   2.410325649366160 	    1.400186223824538 
   2.390320075682948 	    1.470194066309454 
   2.360314070310036 	    1.540202350793104 
   2.340309015906291 	    1.600208868183566 
   2.320303164989381 	    1.670216029687350 
   2.290296846849863 	    1.740223612771409 
   2.270290881316776 	    1.810230290246624 
   2.240285173077696 	    1.870236691626292 
   2.220279192380202 	    1.940242917845632 
   2.190273413929541 	    2.000248945712821 
   2.160266896214986 	    2.070255420765774 
   2.700385515807793 	    0.079010931628687 
   2.700384859115136 	    0.158021831497542 
   2.700383773402715 	    0.237032660108782 
   2.690382442213664 	    0.316043574891041 
   2.690380523376365 	    0.395054218281908 
   2.680378387830308 	    0.473064839545394 
   2.670375818967158 	    0.552075478604708 
   2.670372811183270 	    0.630085514877443 
   2.660369563753457 	    0.708095701607729 
   2.650365986089687 	    0.786105708399926 
   2.640362156292994 	    0.863115392411502 
   2.620358028309463 	    0.940125344155816 
   2.610353467445913 	    1.020134931866262 
   2.600349289684242 	    1.090143181555035 
   2.580344213178232 	    1.170152828902908 
   2.570339030323686 	    1.250161657477679 
   2.550334178042537 	    1.320169794666699 
   2.530328506912448 	    1.400178699098068 
   2.510323339881436 	    1.470186395598309 
   2.490318074388821 	    1.540193896084005 
   2.470312052330111 	    1.620202021160902 
   2.450306615754609 	    1.690209071791479 
   2.430301130793698 	    1.760215895331172 
   2.410295630761442 	    1.830222518556312 
   2.380288992299598 	    1.910230276951973 
   2.360283434385024 	    1.980236457971267 
   2.330277389277942 	    2.050243054041399 
   2.310272501700323 	    2.110248195957114 
   2.280266486101941 	    2.180254425219957 
   2.800383810340467 	    0.082810992586038 
   2.800383152120096 	    0.166022003014631 
   2.800382083441042 	    0.248032788508783 
   2.790380701425223 	    0.331043776802606 
   2.790378789769219 	    0.414054502490920 
   2.780376604250762 	    0.496065192088092 
   2.780373967804721 	    0.578075483126989 
   2.770371039202534 	    0.660085898470838 
   2.760367761092015 	    0.742096142968715 
   2.750364158437596 	    0.824106200763262 
   2.740360309173416 	    0.905115943080444 
   2.730356143128670 	    0.987125571009131 
   2.720351689231869 	    1.070135085402772 
   2.700347035489415 	    1.150144506082797 
   2.690342316644045 	    1.230153214229838 
   2.670337262031735 	    1.310162188270651 
   2.660332245433886 	    1.390170402028956 
   2.640326873624419 	    1.470178893899498 
   2.620322004305032 	    1.540186273457454 
   2.600316414736374 	    1.620194317249624 
   2.580310737577382 	    1.700202114647632 
   2.560304998272216 	    1.780209665379194 
   2.540299851655420 	    1.850216221264922 
   2.520294062831808 	    1.930223323094088 
   2.500288896089284 	    2.000229480634281 
   2.470282643233864 	    2.080236716512970 
   2.450277495404118 	    2.150242500302642 
   2.420271264438533 	    2.230249319043048 
   2.400266169973898 	    2.300254733398156 
   2.900382666333191 	    0.086611059911314 
   2.900382019605714 	    0.173022059686765 
   2.900380940122688 	    0.260033068338167 
   2.890379524525271 	    0.346044013033488 
   2.890377620546656 	    0.433054828542821 
   2.880375390086627 	    0.519065598626884 
   2.880372762141108 	    0.605075983921743 
   2.870369796731852 	    0.691086463421032 
   2.860366486142515 	    0.777096778393684 
   2.850362903844632 	    0.862106794190632 
   2.840358986446503 	    0.948116704288554 
   2.830355002932508 	    1.030125976065715 
   2.820350398086705 	    1.120135858047441 
   2.810346108950993 	    1.200144463641915 
   2.790340908809340 	    1.290154286400237 
   2.780336278570895 	    1.370162425897476 
   2.760331301294679 	    1.450170832323374 
   2.750325915739240 	    1.540179402992436 
   2.730320700263296 	    1.620187342791062 
   2.710315397796241 	    1.700195068337728 
   2.690310034645898 	    1.780202573389114 
   2.670304634436909 	    1.860209868425937 
   2.650299206338455 	    1.940216937086238 
   2.630293770782697 	    2.020223796937701 
   2.610288350527688 	    2.100230465208702 
   2.590282966034787 	    2.180236920551258 
   2.560277093017019 	    2.260243710874298 
   2.540271778418490 	    2.340249768784715 
   2.520267055369097 	    2.410255076593677 
   3.000382030891746 	    0.090511147803837 
   3.000381381338478 	    0.181022262315920 
   3.000380316502352 	    0.271033247418507 
   2.990378838780613 	    0.362044407419130 
   2.990376955513214 	    0.452055199391700 
   2.980374684834854 	    0.542066056870724 
   2.980372064036465 	    0.632076542103359 
   2.970369062332975 	    0.722087105536364 
   2.960365762437800 	    0.811097382809916 
   2.950362112464552 	    0.901107581370960 
   2.950358355043008 	    0.990117111731668 
   2.930354032911794 	    1.080127245001673 
   2.920349623572984 	    1.170136771992088 
   2.910345011529349 	    1.260146050665055 
   2.900340755565674 	    1.340154130742188 
   2.880335614761937 	    1.430163378206687 
   2.870330591476067 	    1.520171911231674 
   2.850325164122692 	    1.610180662348247 
   2.840320536838763 	    1.690187854069456 
   2.820314966656862 	    1.780196125937168 
   2.800309888294768 	    1.860203378186466 
   2.780304236393610 	    1.950211177157609 
   2.770299551940401 	    2.030217545279429 
   2.750293933811934 	    2.120224914743906 
   2.720288364273709 	    2.200231841391749 
   2.700283306274184 	    2.280238119909172 
   2.680277799403032 	    2.370244850727310 
   2.660272856215286 	    2.450250787936439 
   2.630267422171076 	    2.530257012008254 
   3.100381853377626 	    0.094311233240297 
   3.100381202007605 	    0.189022479744048 
   3.100380132657517 	    0.283033577107360 
   3.090378627857181 	    0.377044716917356 
   3.090376747831664 	    0.471055622198399 
   3.080374438422247 	    0.565066570082688 
   3.080371817865706 	    0.659077164308710 
   3.070368816207127 	    0.752087707270255 
   3.070365568445407 	    0.846097897373501 
   3.060361954540992 	    0.939108062500988 
   3.050358145456416 	    1.030117817024104 
   3.040354156472615 	    1.120127253084055 
   3.030349509463274 	    1.220137456381336 
   3.020345120211879 	    1.310146429733815 
   3.000340323697123 	    1.400155578216496 
   2.990335650523577 	    1.490164086097133 
   2.980330894086582 	    1.580172385676199 
   2.960325227238730 	    1.680181683805479 
   2.950320326433751 	    1.770189490329968 
   2.930315030599472 	    1.860197483394226 
   2.910309686095392 	    1.950205263338664 
   2.900305272808543 	    2.030211650801748 
   2.880299944740032 	    2.120219030866619 
   2.860294634367202 	    2.210226187955707 
   2.840289373070505 	    2.300233145963839 
   2.820284154051031 	    2.390239911588997 
   2.800279466987087 	    2.470245864452568 
   2.770273858161369 	    2.560252698166319 
   2.750269303194610 	    2.640258333647917 
   3.200382088912328 	    0.098111329067522 
   3.200381442905573 	    0.196022601312842 
   3.200380375008511 	    0.294033819302818 
   3.190378831072092 	    0.392045070195340 
   3.190376948385667 	    0.490056092244590 
   3.190374694084291 	    0.588066958867004 
   3.180372009995788 	    0.685077761398808 
   3.170368943522370 	    0.783088510383393 
   3.170365727038177 	    0.880098722379482 
   3.160362083925370 	    0.977108988435426 
   3.150358339096857 	    1.070118648058308 
   3.140354078585244 	    1.170128790073278 
   3.130349592010117 	    1.270138676765517 
   3.120345378080610 	    1.360147398373160 
   3.110340578628472 	    1.460156794317199 
   3.100336124363101 	    1.550165072982479 
   3.080330781347765 	    1.650174354778454 
   3.070326166823747 	    1.740182173806956 
   3.050320663504139 	    1.840190980758368 
   3.040315994701341 	    1.930198363272474 
   3.020310446885863 	    2.030206685730317 
   3.010305804821423 	    2.120213655456293 
   2.990300751679400 	    2.210220823608190 
   2.970295278280690 	    2.310228489549249 
   2.950290306646620 	    2.400235267332805 
   2.930285400440422 	    2.490241872485488 
   2.910280572518266 	    2.580248311536678 
   2.890275839682904 	    2.670254582313305 
   2.870271203006697 	    2.760260706544452 
   3.300382699444759 	    0.102011447887635 
   3.300382049552945 	    0.204022861786089 
   3.300380974287411 	    0.306034210008372 
   3.290379405385693 	    0.407045472663556 
   3.290377518833017 	    0.509056625439504 
   3.290375257481460 	    0.611067624061720 
   3.280372532937210 	    0.712078538375768 
   3.280369623150117 	    0.813089077103967 
   3.270366215019470 	    0.915099755726583 
   3.260362399364526 	    1.020110527530765 
   3.250358491643071 	    1.120120590607224 
   3.240354355072383 	    1.220130432419420 
   3.230350030162779 	    1.320140052573578 
   3.220345541873065 	    1.420149436835675 
   3.210340914526333 	    1.520158578963445 
   3.200336184673275 	    1.620167484783664 
   3.190331378756135 	    1.720176136725695 
   3.180326976646415 	    1.810183770696466 
   3.160321722575244 	    1.910192328376677 
   3.150316841213455 	    2.010200306555150 
   3.130311547009374 	    2.110208414554252 
   3.120306718410484 	    2.210215947578447 
   3.100301916944018 	    2.300222938480454 
   3.080296738129503 	    2.400230419936760 
   3.070292131642863 	    2.500237351815934 
   3.050287526372780 	    2.590243818552830 
   3.030282622660440 	    2.690250746437973 
   3.010278197637757 	    2.780256891086750 
   2.990273882716483 	    2.870262901757801 
   3.400383647242379 	    0.106011589850972 
   3.400383000816920 	    0.211023037100850 
   3.400381923492591 	    0.317034527830920 
   3.390380299576313 	    0.423046034887914 
   3.390378420045318 	    0.528057222115700 
   3.390376149512613 	    0.634068362393082 
   3.380373384657593 	    0.739079407672263 
   3.380370460843374 	    0.844090094657465 
   3.370367044452189 	    0.949100792155695 
   3.360363480912715 	    1.050110902449136 
   3.360359589350059 	    1.160121417970318 
   3.350355610449393 	    1.260131013698373 
   3.340351059026814 	    1.370141299204057 
   3.330346738316145 	    1.470150446325692 
   3.320342304617202 	    1.570159375706817 
   3.310337352175535 	    1.680168911073498 
   3.300332757537061 	    1.780177376924485 
   3.280327743094282 	    1.880185939761706 
   3.270322655056768 	    1.990194724442117 
   3.260318007169163 	    2.090202523634491 
   3.240312951003244 	    2.190210438953553 
   3.230308383270212 	    2.290217828929761 
   3.210303410935377 	    2.390225345393828 
   3.200298994236031 	    2.490232345618172 
   3.180294179525670 	    2.590239497403622 
   3.160289463945919 	    2.690246458758679 
   3.140284852327995 	    2.790253253075567 
   3.130280915529345 	    2.890259580236541 
   3.110276584493538 	    2.990266060870455 
   3.500384901979629 	    0.110011744293677 
   3.500384248775802 	    0.219023350225232 
   3.500383173088926 	    0.328034890265288 
   3.490381512605947 	    0.438046543284015 
   3.490379620270984 	    0.547057887984777 
   3.490377357924178 	    0.656069081147546 
   3.480374528963128 	    0.766080371041142 
   3.480371586420627 	    0.875091211117635 
   3.470368162788735 	    0.983101948603350 
   3.470364741669782 	    1.090112175518134 
   3.460360734598059 	    1.200122689277804 
   3.450356505197249 	    1.310132977755072 
   3.440352089168122 	    1.420143016854939 
   3.430347510894821 	    1.530152821659704 
   3.420343214179277 	    1.630161543967496 
   3.410338441825749 	    1.740170873739886 
   3.400333607579357 	    1.850179953529586 
   3.390329155874285 	    1.950188017550916 
   3.380324299760061 	    2.060196633806774 
   3.370319467250833 	    2.170205019379948 
   3.350314640358869 	    2.270212748822091 
   3.340309923748179 	    2.380220694626852 
   3.320305200071218 	    2.480228038303431 
   3.310300674695801 	    2.590235584386718 
   3.290296133135024 	    2.690242569431200 
   3.280291878007036 	    2.800249736838973 
   3.260287581182300 	    2.900256392184235 
   3.240283408171293 	    3.000262907162691 
   3.230279646014891 	    3.110269580464710 
   3.600386437013288 	    0.113011809697964 
   3.600385772914970 	    0.227023691449485 
   3.600384684154611 	    0.340035405118499 
   3.590382997062894 	    0.453047112236315 
   3.590381088548435 	    0.566058628934534 
   3.590378807070843 	    0.679069995455004 
   3.580375958195038 	    0.792081333751090 
   3.580372999736144 	    0.905092350834939 
   3.570369444715292 	    1.020103519086982 
   3.570366019836042 	    1.130113827462812 
   3.560362118792166 	    1.240124120284422 
   3.550357650084615 	    1.360135073730238 
   3.550353666003081 	    1.470144677750611 
   3.540349249249847 	    1.580154277943540 
   3.530344726336460 	    1.690163650969770 
   3.520340125909493 	    1.800172782321393 
   3.510335483827597 	    1.910181690785150 
   3.500330823959868 	    2.020190369945310 
   3.490326175182266 	    2.130198831135012 
   3.470321128421271 	    2.240207323296524 
   3.460316571602425 	    2.350215340065422 
   3.450312096749364 	    2.460223154595646 
   3.440307728395417 	    2.570230766096580 
   3.420302989279768 	    2.680238447390873 
   3.410298882741225 	    2.790245680364315 
   3.390294406832401 	    2.900252989477277 
   3.380290613621174 	    3.010259882940711 
   3.360286745706645 	    3.110266268480502 
   3.340282767721852 	    3.220273101567855 
   3.700388216279368 	    0.117011997770383 
   3.700387550847750 	    0.234023962367949 
   3.700386451579389 	    0.351035862457320 
   3.700384933365254 	    0.468047667460955 
   3.690382798187693 	    0.585059454006751 
   3.690380490964128 	    0.702071001900699 
   3.690377837402194 	    0.819082374908240 
   3.680374607212572 	    0.936093709489760 
   3.680371423630098 	    1.050104408123086 
   3.670367534780202 	    1.170115625775403 
   3.660363377214809 	    1.290126598975632 
   3.660359669439831 	    1.400136271410204 
   3.650355154265210 	    1.520146784956014 
   3.640350858953548 	    1.630156199843023 
   3.630346098580931 	    1.750166210786038 
   3.630342029840676 	    1.860174960944350 
   3.620337188729934 	    1.980184476074759 
   3.610332714614785 	    2.090192994857587 
   3.590327468216849 	    2.210202252045606 
   3.580323059079985 	    2.320210329025809 
   3.570318373004242 	    2.440218901674367 
   3.560314135116548 	    2.550226574823970 
   3.550310014484370 	    2.660234065226037 
   3.530305218285176 	    2.780242224764953 
   3.520301374751908 	    2.890249350777087 
   3.510297703256047 	    3.000256302573931 
   3.490293681128481 	    3.110263313846513 
   3.480290374670261 	    3.220269962540520 
   3.460286490519875 	    3.340277235974715 
   3.800390219658426 	    0.121012203457401 
   3.800389543893210 	    0.242024373519837 
   3.800388427588893 	    0.363036478977171 
   3.800386885346696 	    0.484048489252135 
   3.790384720538809 	    0.604060365346558 
   3.790382386894816 	    0.725072116288255 
   3.790379698467186 	    0.846083691259552 
   3.780376448540542 	    0.966095108683401 
   3.780373059815026 	    1.090106563653565 
   3.770369228243724 	    1.210117567729048 
   3.770365480891134 	    1.330128194385447 
   3.760361230599420 	    1.450138757621269 
   3.750356820067599 	    1.570149066329566 
   3.750352646507609 	    1.690158962302236 
   3.740348038274660 	    1.810168789811967 
   3.730343374116555 	    1.930178374318420 
   3.720339047040063 	    2.040186960695641 
   3.710334377429592 	    2.160196081300203 
   3.700329751393756 	    2.280204959710913 
   3.690325198439263 	    2.400213617337764 
   3.680320737166481 	    2.520222048188132 
   3.670316401680526 	    2.640230265766240 
   3.660312515569701 	    2.750237630941725 
   3.650308482591868 	    2.870245453413764 
   3.630304129081571 	    2.990253274782923 
   3.620300724370786 	    3.100260122159963 
   3.610297275233336 	    3.220267412478598 
   3.590293510385890 	    3.340274719684131 
   3.580290708981959 	    3.450281120853913 
   3.900392421379439 	    0.125012429281345 
   3.900391741068812 	    0.249024725851837 
   3.900390609516491 	    0.374037056921513 
   3.900389044765174 	    0.499049290179349 
   3.890386833763750 	    0.623061378380139 
   3.890384466635058 	    0.748073347753833 
   3.890381743404519 	    0.873085139712450 
   3.880378434729725 	    0.997096749057094 
   3.880375149292971 	    1.120107960854665 
   3.880371416092322 	    1.250119557036695 
   3.870367437422009 	    1.370130178146482 
   3.860363282661044 	    1.490140566434064 
   3.860359004458364 	    1.620151413780370 
   3.850354593872479 	    1.740161327547150 
   3.840350107770158 	    1.860171009441700 
   3.840345641894928 	    1.990181062521690 
   3.830341128284960 	    2.110190253929107 
   3.820336635142977 	    2.230199220215794 
   3.810331869132404 	    2.360208670390395 
   3.800327521055422 	    2.480217177502384 
   3.790323279607359 	    2.600225474024094 
   3.780319176724851 	    2.720233566557292 
   3.770315226546603 	    2.840241460274082 
   3.760311451540051 	    2.960249167057170 
   3.750307618296344 	    3.090257292308978 
   3.740304262926156 	    3.210264635617341 
   3.720300594201918 	    3.330271967076607 
   3.710297681459931 	    3.450278981212656 
   3.700295015709249 	    3.570285855676191 
   4.000394799386657 	    0.129012677163646 
   4.000394105783164 	    0.257025223614856 
   4.000392952497529 	    0.386037800363095 
   4.000391372950075 	    0.514050181563691 
   3.990389096719188 	    0.643062595446266 
   3.990386708870059 	    0.771074706367694 
   3.990383966921054 	    0.899086639923514 
   3.990380832039482 	    1.030098643250695 
   3.980377111075533 	    1.160110435930980 
   3.980373734148278 	    1.280121020075444 
   3.970369539944644 	    1.410132352934233 
   3.970365503914024 	    1.540143325183764 
   3.960360974498583 	    1.670154150000507 
   3.960357047077371 	    1.790163794565591 
   3.950352369592621 	    1.920174114758784 
   3.940347653252197 	    2.050184165566561 
   3.940343367385467 	    2.180193828823342 
   3.930339048693128 	    2.300202650810925 
   3.920334480766928 	    2.430211950834768 
   3.910330019897263 	    2.560221010607552 
   3.900325995452699 	    2.680229173722300 
   3.890321836709637 	    2.810237785369397 
   3.880318130291282 	    2.930245551522775 
   3.870314361351926 	    3.060253746708036 
   3.860311045768397 	    3.180261149987533 
   3.850307738761685 	    3.310268976562081 
   3.840304882647701 	    3.430276044188754 
   3.830302099263388 	    3.560283532496293 
   3.820299738499083 	    3.680290311449493 
   4.100397334762978 	    0.132012853697284 
   4.100396622790193 	    0.265025770460119 
   4.100395455768407 	    0.397038521948542 
   4.100393848946315 	    0.529051174454866 
   4.090391522257410 	    0.662063834342145 
   4.090389092929751 	    0.794076207444623 
   4.090386305696280 	    0.926088394315698 
   4.090383146238925 	    1.060100558369593 
   4.080379478056448 	    1.190112205446322 
   4.080375887057722 	    1.320123563896376 
   4.080372111183393 	    1.450134668169930 
   4.070367507302193 	    1.590146445208800 
   4.070363443509348 	    1.720157020489652 
   4.060358931165978 	    1.850167446817567 
   4.050354363554778 	    1.980177600699241 
   4.050350193847012 	    2.110187409771771 
   4.040345655641598 	    2.240197062644246 
   4.030341170087454 	    2.370206466292259 
   4.030337226793046 	    2.500215521047456 
   4.020332968610531 	    2.630224447239527 
   4.010328870715032 	    2.760233144550766 
   4.000324942474575 	    2.890241623287225 
   3.990321215135160 	    3.020249888681821 
   3.990318203331864 	    3.150257858176030 
   3.980314947646434 	    3.280265740072723 
   3.970311941030037 	    3.410273440106316 
   3.960309209782334 	    3.540280972518480 
   3.950306742168823 	    3.670288346377576 
   3.940304560344615 	    3.800295577820145 
   4.200399997733624 	    0.136013156566057 
   4.200399277513502 	    0.272026277196399 
   4.200398078335085 	    0.409039423674292 
   4.200396435005271 	    0.545052369680641 
   4.200394365102636 	    0.681065177087049 
   4.190391599332202 	    0.817077865669660 
   4.190388761110553 	    0.953090326096328 
   4.190385572166301 	    1.090102663234174 
   4.190382284079329 	    1.220114148641411 
   4.180378159127414 	    1.360126327939732 
   4.180374151220190 	    1.500138173192448 
   4.170369923408525 	    1.630148969209800 
   4.170365652753309 	    1.770160269588448 
   4.160361238967688 	    1.900170545217604 
   4.160356881093166 	    2.040181269736351 
   4.150352442641920 	    2.170191029916297 
   4.150348167400000 	    2.310201190817037 
   4.140343861615716 	    2.440210436685117 
   4.140339819661985 	    2.580220066031095 
   4.130335776989349 	    2.710228829920727 
   4.120331637444864 	    2.850238022472879 
   4.110327952311130 	    2.980246346885991 
   4.110324966189981 	    3.110254393220557 
   4.100321527234865 	    3.250262930797769 
   4.090318552058996 	    3.380270671396911 
   4.080315840887819 	    3.510278239594088 
   4.070313244527719 	    3.650286215711049 
   4.060311082592907 	    3.780293477400527 
   4.050309204025994 	    3.910300602057140 
   4.300402771839839 	    0.140013490597214 
   4.300402034266866 	    0.280026944171189 
   4.300400817837220 	    0.420040322879774 
   4.300399141239588 	    0.560053593292811 
   4.300397030722920 	    0.700066722430730 
   4.290394204318305 	    0.840079690910507 
   4.290391336151915 	    0.979092363531149 
   4.290388099451095 	    1.120104986285580 
   4.290384600492271 	    1.260117276590002 
   4.280380515166717 	    1.400129324303953 
   4.280376578388171 	    1.540141085985758 
   4.280372506964870 	    1.680152553103482 
   4.270367955863207 	    1.820163764216100 
   4.270363735640780 	    1.960174655242231 
   4.260359100878557 	    2.100185284778597 
   4.260355214134769 	    2.230194860626241 
   4.250350674157345 	    2.370204946026791 
   4.250346678890132 	    2.510214705728428 
   4.240342384945022 	    2.650224245784085 
   4.240338734581391 	    2.790233475789505 
   4.230334822828045 	    2.930242506155980 
   4.220331146263894 	    3.070251298131568 
   4.220328404454569 	    3.200259230068940 
   4.210325243141750 	    3.340267609641620 
   4.200322368782041 	    3.480275789091946 
   4.200320291272871 	    3.620283746016606 
   4.190318137715468 	    3.750291032145632 
   4.180316166396445 	    3.890298720982312 
   4.170314497009460 	    4.030306275490789 
   4.400405634968858 	    0.144013860683509 
   4.400404879170345 	    0.288027680993919 
   4.400403644076723 	    0.431041328075634 
   4.400401932276611 	    0.575054954455261 
   4.400399776498171 	    0.719068430175047 
   4.400397212156107 	    0.863081717724850 
   4.390393886256305 	    1.010095065793832 
   4.390390699278782 	    1.150107543978872 
   4.390387250630392 	    1.290119781490852 
   4.390383312725314 	    1.440132596184563 
   4.380379085889598 	    1.580144265529257 
   4.380375092918479 	    1.720155664460171 
   4.380370736697040 	    1.870167542193543 
   4.370366226804699 	    2.010178328309467 
   4.370362127349835 	    2.150188821539772 
   4.370357806372072 	    2.300199747142627 
   4.360353429278116 	    2.440209641360362 
   4.360349616391873 	    2.580219275417051 
   4.350345529508719 	    2.720228633002400 
   4.350341835544330 	    2.870238378509843 
   4.340338154695290 	    3.010247234284302 
   4.340335199567177 	    3.150255843121720 
   4.330332027151657 	    3.290264263390783 
   4.320328968131497 	    3.440273056318909 
   4.320326878699190 	    3.580281058102339 
   4.310324588979014 	    3.720288914785341 
   4.300322610894715 	    3.860296618900096 
   4.300321438495862 	    4.000304155977161 
   4.290320053949954 	    4.140311601528480 
   4.500408564822836 	    0.148014270553235 
   4.500407798064916 	    0.295028402464097 
   4.500406526258822 	    0.443042545489982 
   4.500404787457644 	    0.590056468871595 
   4.500402587454936 	    0.738070323303721 
   4.500399990010250 	    0.885083889062710 
   4.490396734103776 	    1.030097011406572 
   4.490393368064205 	    1.180110367592488 
   4.490389713837097 	    1.330123425721107 
   4.490385820340427 	    1.480136177916346 
   4.490382031381590 	    1.620147784708378 
   4.480377470874234 	    1.770159864746979 
   4.480373198475519 	    1.920171648648663 
   4.480369206913136 	    2.060182326684386 
   4.470364546816000 	    2.210193411343997 
   4.470360359027174 	    2.360204195253893 
   4.470356576586070 	    2.500213967198536 
   4.460352243390533 	    2.650224097849915 
   4.460348547560093 	    2.800233950148003 
   4.460345311401915 	    2.940242894071809 
   4.450341646121855 	    3.090252183395207 
   4.450338736335212 	    3.240261241508255 
   4.440335820760463 	    3.380269473158991 
   4.440333534750795 	    3.530278087068687 
   4.430331088090496 	    3.680286513041893 
   4.430329585819708 	    3.820294205772813 
   4.420327800497890 	    3.970302306187682 
   4.410326387877085 	    4.110309752852690 
   4.410325728519237 	    4.260317600059237 
   4.600411543737353 	    0.151014629582193 
   4.600410754674406 	    0.303029309311070 
   4.600409463121849 	    0.454043799910963 
   4.600407674534448 	    0.606058249228878 
   4.600405442390765 	    0.757072425684871 
   4.600402793411121 	    0.908086387308601 
   4.600399752481130 	    1.060100187967934 
   4.590396083009606 	    1.210113465298568 
   4.590392476319915 	    1.360126511553774 
   4.590388652469438 	    1.510139231509340 
   4.590384668993966 	    1.660151624901020 
   4.590380296636238 	    1.820164456695936 
   4.580375747528015 	    1.970176054830307 
   4.580371580982968 	    2.120187376163347 
   4.580367465535216 	    2.270198351192238 
   4.580363448156955 	    2.420208985033801 
   4.570359139541080 	    2.570219221208784 
   4.570355433486771 	    2.720229197800959 
   4.570351950437566 	    2.870238876726698 
   4.560348247762640 	    3.020248222177136 
   4.560345285188826 	    3.170257340922640 
   4.560342626851924 	    3.320266213831635 
   4.550339795868919 	    3.470274831130429 
   4.550337780858949 	    3.620283276030375 
   4.540335600231554 	    3.770291515706856 
   4.540334262347286 	    3.920299618257589 
   4.540333239588182 	    4.070307580609113 
   4.530332019438389 	    4.220315427293732 
   4.530331586442781 	    4.370323187192994 
   4.700414540299050 	    0.155015136361652 
   4.700413740385410 	    0.310030220607421 
   4.700412412864993 	    0.466045298844480 
   4.700410598522129 	    0.621060127700256 
   4.700408322914662 	    0.776074759755501 
   4.700405627765406 	    0.931089153318950 
   4.700402469229931 	    1.090103628973480 
   4.700399180340482 	    1.240116983640013 
   4.690395038761101 	    1.400130783998186 
   4.690391267555757 	    1.550143462427430 
   4.690387090968720 	    1.710156609543979 
   4.690383076632770 	    1.860168559510497 
   4.690378760998708 	    2.020180900778434 
   4.690374732032657 	    2.170192101763976 
   4.680370073082543 	    2.330203542942810 
   4.680366209512909 	    2.480214012257367 
   4.680362267052469 	    2.640224797242337 
   4.680358764392329 	    2.790234577881519 
   4.680355277522750 	    2.950244678924342 
   4.670351811397031 	    3.100253764621395 
   4.670349094785761 	    3.250262672812735 
   4.670346522838603 	    3.410271910607451 
   4.660343957884906 	    3.560280297553299 
   4.660342097008587 	    3.720289095889275 
   4.660340697572070 	    3.870297166613664 
   4.660339553996497 	    4.030305628822145 
   4.650338284192940 	    4.180313433571293 
   4.650337799268737 	    4.330321168816427 
   4.650337543170628 	    4.490329354250221 
   4.800417534715368 	    0.159015700976801 
   4.800416717393580 	    0.318031343162541 
   4.800415372816956 	    0.477046868752397 
   4.800413525949456 	    0.636062222901951 
   4.800411211124132 	    0.795077353706248 
   4.800408469549566 	    0.954092214327599 
   4.800405414605554 	    1.110106492019209 
   4.800401956011642 	    1.270120790850398 
   4.800398227365126 	    1.430134700166735 
   4.800394299406886 	    1.590148214694921 
   4.790389833896697 	    1.750161149068052 
   4.790385653912239 	    1.910173800653352 
   4.790381456086175 	    2.070186019050290 
   4.790377283920044 	    2.230197806439668 
   4.790373454692946 	    2.380208472455416 
   4.790369523359505 	    2.540219445041803 
   4.790365767752065 	    2.700230017761272 
   4.790362241949799 	    2.860240218607151 
   4.780358512636177 	    3.020249952871481 
   4.780355556166136 	    3.180259477114235 
   4.780352914659501 	    3.340268716355996 
   4.780350754659560 	    3.490277138087964 
   4.780348808795541 	    3.650285890222368 
   4.770346719032861 	    3.810294399680674 
   4.770345486437306 	    3.970302810508742 
   4.770344586548252 	    4.130311096808081 
   4.770344005710155 	    4.290319291880548 
   4.770343713233465 	    4.440326920886473 
   4.760343090585216 	    4.600335016024721 
   4.900420500503466 	    0.163016331835568 
   4.900419668334410 	    0.326032595516077 
   4.900418299622492 	    0.489048725366103 
   4.900416434826831 	    0.651064561150664 
   4.900414086691317 	    0.814080239782150 
   4.900411309123273 	    0.977095608766044 
   4.900408155583312 	    1.140110624071156 
   4.900404747526457 	    1.300124976320023 
   4.900400853140324 	    1.470139773857804 
   4.900396992653331 	    1.630153254792857 
   4.900393000770841 	    1.790166276570360 
   4.900388951550196 	    1.950178847122861 
   4.900384635121967 	    2.120191693823304 
   4.900380614134587 	    2.280203311334272 
   4.890376279773208 	    2.440214293315779 
   4.890372520334950 	    2.600225038342786 
   4.890368728627436 	    2.770236009142985 
   4.890365410765168 	    2.930245941492619 
   4.890362382429563 	    3.090255506999834 
   4.890359481998551 	    3.260265325175284 
   4.890357091588312 	    3.420274270008826 
   4.890355059676559 	    3.580282960801950 
   4.890353366257118 	    3.740291441402120 
   4.890351952591511 	    3.910300266277289 
   4.890350966775097 	    4.070308446788347 
   4.890350290670334 	    4.230316538235732 
   4.880349389517416 	    4.390324565391058 
   4.880349215473399 	    4.560333109194823 
   4.880349199265422 	    4.720341165075665 
   5.000423409800626 	    0.167017037418407 
   5.000422572589027 	    0.333033894510925 
   5.000421189071813 	    0.500050697765220 
   5.000419290458762 	    0.667067272112766 
   5.000416930437445 	    0.833083452475139 
   5.000414128684118 	    1.000099374967518 
   5.000410890286493 	    1.170115159439681 
   5.000407543583869 	    1.330129584940435 
   5.000403732151455 	    1.500144422989078 
   5.000399730431193 	    1.670158726992337 
   5.000395844236042 	    1.830171683620406 
   5.000391671518184 	    2.000184912873428 
   5.000387491916505 	    2.170197587152018 
   5.000383625724278 	    2.330209015645190 
   5.000379663604120 	    2.500220626829097 
   5.000375879341073 	    2.670231749642974 
   5.000372512470563 	    2.830241773189826 
   5.000369232055905 	    3.000251989144453 
   5.000366260523500 	    3.170261805399084 
   5.000363759181335 	    3.330270707616506 
   5.000361482639894 	    3.500279860119147 
   5.000359579641453 	    3.670288754105360 
   5.000358132987923 	    3.830296930900133 
   5.000356952785912 	    4.000305471548677 
   5.000356128743602 	    4.170313914901852 
   5.000355640738317 	    4.330321819507756 
   5.000355383848119 	    4.500330233990382 
   5.000355305288404 	    4.670338703387141 
   5.000355326840833 	    4.830346743927386 
   2.100411912241555 	    0.000000000000000 
   2.200405187769214 	    0.000000000000000 
   2.300399574267731 	    0.000000000000000 
   2.400394903148654 	    0.000000000000000 
   2.500391095934655 	    0.000000000000000 
   2.600388066988812 	    0.000000000000000 
   2.700385735037154 	    0.000000000000000 
   2.800384028343176 	    0.000000000000000 
   2.900382884405917 	    0.000000000000000 
   3.000382248054500 	    0.000000000000000 
   3.100382069875950 	    0.000000000000000 
   3.200382305995677 	    0.000000000000000 
   3.300382916615410 	    0.000000000000000 
   3.400383866842202 	    0.000000000000000 
   3.500385123760866 	    0.000000000000000 
   3.600386655982490 	    0.000000000000000 
   3.700388439307350 	    0.000000000000000 
   3.800390445733792 	    0.000000000000000 
   3.900392651917674 	    0.000000000000000 
   4.000395034564979 	    0.000000000000000 
   4.100397570141553 	    0.000000000000000 
   4.200400239330290 	    0.000000000000000 
   4.300403018999631 	    0.000000000000000 
   4.400405887994473 	    0.000000000000000 
   4.500408824755238 	    0.000000000000000 
   4.600411805486996 	    0.000000000000000 
   4.700414808810291 	    0.000000000000000 
   4.800417808828802 	    0.000000000000000 
   4.900420779661752 	    0.000000000000000 
   2.000419638870448 	    0.052410500006435 
   2.000419008619261 	    0.105021433192887 
   1.990418818194529 	    0.157031834665444 
   1.990417376412745 	    0.209041745662877 
   1.980416225419323 	    0.261051916316907 
   1.980413791158957 	    0.313062187869348 
   1.970411774125091 	    0.364073320020964 
   1.960409376133645 	    0.416084502752988 
   1.940407455839549 	    0.467095066334739 
   1.930404521670672 	    0.518104302810047 
   1.920401076957422 	    0.568114137348313 
   1.900397780728412 	    0.618124400622390 
   1.890393489331158 	    0.668134011018020 
   1.870389340787258 	    0.717144703901910 
   1.850384997231242 	    0.765154725899832 
   1.830380316451238 	    0.813164596403506 
   1.810375227058446 	    0.861174680206886 
   1.780370284139441 	    0.908185120731121 
   1.760364971563575 	    0.954193894743142 
   1.730359451345109 	    1.000203701245251 
   1.710354274513902 	    1.040211307714298 
   1.680347335997031 	    1.090221666542124 
   1.650341462882971 	    1.130230380757344 
   1.620333712427868 	    1.180240178748089 
   1.590326916700033 	    1.220249104538724 
   1.550319904772735 	    1.260258624104161 
   1.520313084599481 	    1.300266202456407 
   1.490305736238028 	    1.340274120000769 
   1.450297437213474 	    1.380283270005130 
   4.880349249097540 	    4.880349249097540 
   4.760343115671898 	    4.760343115671898 
   4.640336981299779 	    4.640336981299779 
   4.520330882176759 	    4.520330882176759 
   4.400324856427314 	    4.400324856427314 
   4.280318946739555 	    4.280318946739555 
   4.160313183679924 	    4.160313183679924 
   4.040307602910932 	    4.040307602910932 
   3.920302228608586 	    3.920302228608586 
   3.800297088344817 	    3.800297088344817 
   3.690292592534212 	    3.690292592534212 
   3.570287955284463 	    3.570287955284463 
   3.450283593078536 	    3.450283593078536 
   3.330279540922334 	    3.330279540922334 
   3.210275798288121 	    3.210275798288121 
   3.090272394286495 	    3.090272394286495 
   2.970269352083923 	    2.970269352083923 
   2.850266676809529 	    2.850266676809529 
   2.730264428786193 	    2.730264428786193 
   2.610262611755351 	    2.610262611755351 
   2.490261318744002 	    2.490261318744002 
   2.370260556779239 	    2.370260556779239 
   2.250260459638326 	    2.250260459638326 
   2.130261067911055 	    2.130261067911055 
   2.010262564750006 	    2.010262564750006 
   1.890265036323270 	    1.890265036323270 
   1.770268832093081 	    1.770268832093082 
   1.650274060632728 	    1.650274060632728 
   1.530281395351987 	    1.530281395351987 
   1.490273517610354 	    1.570288828558168 
   1.450266906151618 	    1.600295399411791 
   1.410258861274350 	    1.640302413419676 
   1.360250822567007 	    1.670310098558313 
   1.320243406466183 	    1.700316145483925 
   1.270235028118438 	    1.730323249591958 
   1.220226330396517 	    1.760330220610036 
   1.180218445719864 	    1.790335687061275 
   1.130209389370390 	    1.820342132824047 
   1.080201109096111 	    1.840348297061341 
   1.030191504643156 	    1.870354077985496 
   0.978182465736601 	    1.890359794843185 
   0.927173348315128 	    1.910365032949926 
   0.875163996514696 	    1.930370102503752 
   0.823154389778926 	    1.950374942634338 
   0.771144612807340 	    1.970379400963586 
   0.718134697242330 	    1.990383641070282 
   0.664124442545344 	    2.010387699752667 
   0.610114758887495 	    2.020391799122889 
   0.556105017077279 	    2.030395540198001 
   0.501094147615073 	    2.050398312300796 
   0.446083807353764 	    2.060400943179493 
   0.391073547311691 	    2.070403186396478 
   0.336063289379562 	    2.080405310566472 
   0.280052989823553 	    2.080407903627929 
   0.224042274697249 	    2.090409308238290 
   0.168031754146869 	    2.090410832890041 
   0.112021047042758 	    2.100411070444330 
   0.056210635658130 	    2.100411659878764 
   1.610267157928968 	    1.690280855134529 
   1.560260427508473 	    1.720288077275549 
   1.510253412048178 	    1.750295092560972 
   1.460246178527080 	    1.780301956314333 
   1.410238684773366 	    1.810308730692691 
   1.360230935283945 	    1.840315278548362 
   1.310222983279448 	    1.870321637825437 
   1.260214809539832 	    1.900327794088665 
   1.210207461477537 	    1.920333589076379 
   1.160198886462747 	    1.950339324777618 
   1.100189932513322 	    1.970345798689992 
   1.050180945001804 	    2.000350894160105 
   0.993171849766312 	    2.020356478604820 
   0.937162649964657 	    2.040361650406063 
   0.881153290152999 	    2.060366519451689 
   0.825143777951624 	    2.080371117137427 
   0.768134705762756 	    2.090375774106235 
   0.710124588886972 	    2.110379904100814 
   0.652114978702289 	    2.120384053012490 
   0.594104521510764 	    2.140387403117728 
   0.536094556114237 	    2.150390733424801 
   0.477084299025891 	    2.160393716217920 
   0.418073958950795 	    2.170396270642317 
   0.359063565160521 	    2.180398443252378 
   0.299053253842924 	    2.180400861087494 
   0.240042674220136 	    2.190402290558337 
   0.180032087362617 	    2.190403864252227 
   0.120021309498905 	    2.200404355328809 
   0.060010653377455 	    2.200404990181381 
   1.720261848482203 	    1.810275968886245 
   1.670255611505566 	    1.840282447519247 
   1.620249167288427 	    1.870288857259293 
   1.570242498721164 	    1.900295165527068 
   1.510234799844441 	    1.930302325041893 
   1.460227680259504 	    1.960308344982948 
   1.400220416760745 	    1.980314923347373 
   1.350212903686339 	    2.010320641439446 
   1.290205117046027 	    2.030326971540381 
   1.230196123118988 	    2.060333243139140 
   1.180188909233445 	    2.080338228658843 
   1.120180367470654 	    2.100344009506678 
   1.060171567563305 	    2.120349529850858 
   0.999162428333816 	    2.140354892363153 
   0.939153200490864 	    2.160359878242919 
   0.878143660491868 	    2.180364655509229 
   0.818134063333543 	    2.200369044099058 
   0.756124692661921 	    2.210373501888208 
   0.695114633720692 	    2.230377299400573 
   0.633104870354873 	    2.240381098815019 
   0.570094769619394 	    2.250384593751209 
   0.508084672497931 	    2.260387641261067 
   0.445074301634811 	    2.270390348958544 
   0.382063841248824 	    2.280392651475270 
   0.318053444636554 	    2.280395037039525 
   0.255042822908584 	    2.290396525238397 
   0.191032184833721 	    2.290398088145451 
   0.128021495571603 	    2.300398685026577 
   0.063810728354205 	    2.300399353989535 
   1.840259443273349 	    1.920271076229003 
   1.780252980997625 	    1.950277927537716 
   1.730246965190908 	    1.980283830429237 
   1.670240032535077 	    2.010290549150356 
   1.610232857575802 	    2.040297162007654 
   1.550225434684830 	    2.070303657029553 
   1.490217743895934 	    2.100310012117096 
   1.430210683248707 	    2.120315935320039 
   1.370203372962145 	    2.140321754961835 
   1.310195021785932 	    2.170327651073047 
   1.250187242213178 	    2.190333181607808 
   1.190179265707888 	    2.210338538034900 
   1.120169921775147 	    2.230344531423763 
   1.060161479008917 	    2.250349457202221 
   0.997152485500834 	    2.270354405033544 
   0.932143719941016 	    2.280359302676944 
   0.867134078429653 	    2.300363856582837 
   0.802124240760990 	    2.320368083226962 
   0.737114827954158 	    2.330372166029360 
   0.671105069164923 	    2.340376000357046 
   0.605095121000074 	    2.350379500376709 
   0.538084861602759 	    2.360382686949189 
   0.471074464895040 	    2.370385478750006 
   0.404063962400547 	    2.380387867881185 
   0.337053370610593 	    2.390389838008266 
   0.270042951674643 	    2.390391776798211 
   0.203032410079582 	    2.390393308915082 
   0.135021496712305 	    2.400394016811878 
   0.067610780701016 	    2.400394679758266 
   1.950256633286365 	    2.040268862983897 
   1.890250503409418 	    2.070275144708503 
   1.830244158159488 	    2.100281393308699 
   1.770237605537119 	    2.130287569826187 
   1.710230827216963 	    2.160293678179467 
   1.650224631674913 	    2.180299315093844 
   1.580216614785774 	    2.210306067134178 
   1.520209957615603 	    2.230311569896290 
   1.450202181647994 	    2.250317791620653 
   1.390194333590515 	    2.280323337072400 
   1.320186050245784 	    2.300329280994395 
   1.260178523895743 	    2.320334292704383 
   1.190169759735091 	    2.340339906369447 
   1.120160707015076 	    2.360345312544307 
   1.050152086442177 	    2.370350438178161 
   0.986143289765022 	    2.390354950691756 
   0.917134294129111 	    2.400359593137150 
   0.848124516890299 	    2.420363908861270 
   0.779115083067871 	    2.430368009630023 
   0.709105305835704 	    2.440371881093844 
   0.639095344778803 	    2.450375424147703 
   0.569085209685371 	    2.460378614865923 
   0.498074785916757 	    2.470381476828368 
   0.427064231193306 	    2.480383935629788 
   0.356053591099955 	    2.490385982422089 
   0.285043097626638 	    2.490387913742549 
   0.214032478324316 	    2.490389436843830 
   0.143021657448254 	    2.500390208553863 
   0.071410829942773 	    2.500390874928171 
   2.070255420765774 	    2.160266896214986 
   2.000248945712821 	    2.190273413929541 
   1.940242917845632 	    2.220279192380202 
   1.870236691626292 	    2.240285173077696 
   1.810230290246624 	    2.270290881316776 
   1.740223612771409 	    2.290296846849863 
   1.670216029687350 	    2.320303164989381 
   1.600208868183566 	    2.340309015906291 
   1.540202350793104 	    2.360314070310036 
   1.470194066309454 	    2.390320075682948 
   1.400186223824538 	    2.410325649366160 
   1.330178135105178 	    2.430331084501999 
   1.260170462736825 	    2.440336208650304 
   1.180160874565484 	    2.460342033802748 
   1.110152073561084 	    2.480346930903974 
   1.040143648164530 	    2.490351573558189 
   0.967134103899798 	    2.510356218142433 
   0.894124872689834 	    2.520360587314623 
   0.821115421902041 	    2.530364711941805 
   0.747105180354132 	    2.550368512912907 
   0.674095340504146 	    2.560372012429614 
   0.599085063828399 	    2.570375266941001 
   0.525075109464974 	    2.570378284664422 
   0.450064516928726 	    2.580380803510070 
   0.376053966759739 	    2.590382885322735 
   0.301043404714907 	    2.590384814453466 
   0.226032556333902 	    2.600386088609294 
   0.150021661320816 	    2.600387192699768 
   0.075210877380861 	    2.600387845532116 
   2.180254425219957 	    2.280266486101941 
   2.110248195957114 	    2.310272501700323 
   2.050243054041399 	    2.330277389277942 
   1.980236457971267 	    2.360283434385024 
   1.910230276951973 	    2.380288992299598 
   1.830222518556312 	    2.410295630761443 
   1.760215895331172 	    2.430301130793698 
   1.690209071791479 	    2.450306615754609 
   1.620202021160902 	    2.470312052330111 
   1.540193896084005 	    2.490318074388822 
   1.470186395598309 	    2.510323339881437 
   1.400178699098068 	    2.530328506912448 
   1.320169794666699 	    2.550334178042537 
   1.250161657477679 	    2.570339030323686 
   1.170152828902908 	    2.580344213178232 
   1.090143181555035 	    2.600349289684242 
   1.020134931866262 	    2.610353467445913 
   0.940125344155816 	    2.620358028309463 
   0.863115392411502 	    2.640362156292994 
   0.786105708399926 	    2.650365986089687 
   0.708095701607729 	    2.660369563753457 
   0.630085514877443 	    2.670372811183270 
   0.552075478604708 	    2.670375818967158 
   0.473064839545394 	    2.680378387830308 
   0.395054218281908 	    2.690380523376365 
   0.316043574891041 	    2.690382442213664 
   0.237032660108782 	    2.700383773402715 
   0.158021831497542 	    2.700384859115136 
   0.079010931628687 	    2.700385515807793 
   2.300254733398156 	    2.400266169973898 
   2.230249319043048 	    2.420271264438533 
   2.150242500302642 	    2.450277495404118 
   2.080236716512970 	    2.470282643233865 
   2.000229480634281 	    2.500288896089284 
   1.930223323094088 	    2.520294062831808 
   1.850216221264922 	    2.540299851655420 
   1.780209665379194 	    2.560304998272216 
   1.700202114647632 	    2.580310737577382 
   1.620194317249624 	    2.600316414736374 
   1.540186273457454 	    2.620322004305032 
   1.470178893899498 	    2.640326873624419 
   1.390170402028956 	    2.660332245433886 
   1.310162188270651 	    2.670337262031735 
   1.230153214229838 	    2.690342316644045 
   1.150144506082797 	    2.700347035489415 
   1.070135085402772 	    2.720351689231869 
   0.987125571009131 	    2.730356143128670 
   0.905115943080444 	    2.740360309173417 
   0.824106200763262 	    2.750364158437596 
   0.742096142968715 	    2.760367761092015 
   0.660085898470838 	    2.770371039202534 
   0.578075483126989 	    2.780373967804722 
   0.496065192088092 	    2.780376604250762 
   0.414054502490920 	    2.790378789769219 
   0.331043776802606 	    2.790380701425223 
   0.248032788508783 	    2.800382083441042 
   0.166022003014631 	    2.800383152120096 
   0.082810992586038 	    2.800383810340467 
   2.410255076593677 	    2.520267055369097 
   2.340249768784715 	    2.540271778418490 
   2.260243710874298 	    2.560277093017019 
   2.180236920551258 	    2.590282966034787 
   2.100230465208702 	    2.610288350527688 
   2.020223796937701 	    2.630293770782697 
   1.940216937086238 	    2.650299206338455 
   1.860209868425937 	    2.670304634436909 
   1.780202573389114 	    2.690310034645899 
   1.700195068337728 	    2.710315397796241 
   1.620187342791062 	    2.730320700263297 
   1.540179402992436 	    2.750325915739240 
   1.450170832323374 	    2.760331301294679 
   1.370162425897476 	    2.780336278570895 
   1.290154286400237 	    2.790340908809341 
   1.200144463641915 	    2.810346108950993 
   1.120135858047441 	    2.820350398086705 
   1.030125976065715 	    2.830355002932508 
   0.948116704288554 	    2.840358986446503 
   0.862106794190632 	    2.850362903844632 
   0.777096778393684 	    2.860366486142515 
   0.691086463421032 	    2.870369796731852 
   0.605075983921743 	    2.880372762141108 
   0.519065598626884 	    2.880375390086627 
   0.433054828542821 	    2.890377620546656 
   0.346044013033488 	    2.890379524525271 
   0.260033068338167 	    2.900380940122688 
   0.173022059686765 	    2.900382019605714 
   0.086611059911314 	    2.900382666333191 
   2.530257012008254 	    2.630267422171076 
   2.450250787936439 	    2.660272856215286 
   2.370244850727310 	    2.680277799403032 
   2.280238119909172 	    2.700283306274184 
   2.200231841391749 	    2.720288364273709 
   2.120224914743906 	    2.750293933811934 
   2.030217545279429 	    2.770299551940401 
   1.950211177157609 	    2.780304236393610 
   1.860203378186466 	    2.800309888294768 
   1.780196125937168 	    2.820314966656862 
   1.690187854069456 	    2.840320536838763 
   1.610180662348247 	    2.850325164122692 
   1.520171911231674 	    2.870330591476067 
   1.430163378206687 	    2.880335614761937 
   1.340154130742188 	    2.900340755565674 
   1.260146050665055 	    2.910345011529349 
   1.170136771992088 	    2.920349623572984 
   1.080127245001673 	    2.930354032911794 
   0.990117111731668 	    2.950358355043008 
   0.901107581370960 	    2.950362112464552 
   0.811097382809916 	    2.960365762437800 
   0.722087105536364 	    2.970369062332975 
   0.632076542103359 	    2.980372064036465 
   0.542066056870724 	    2.980374684834854 
   0.452055199391700 	    2.990376955513214 
   0.362044407419130 	    2.990378838780613 
   0.271033247418507 	    3.000380316502353 
   0.181022262315920 	    3.000381381338478 
   0.090511147803837 	    3.000382030891746 
   2.640258333647917 	    2.750269303194610 
   2.560252698166319 	    2.770273858161369 
   2.470245864452568 	    2.800279466987087 
   2.390239911588997 	    2.820284154051031 
   2.300233145963838 	    2.840289373070505 
   2.210226187955707 	    2.860294634367202 
   2.120219030866619 	    2.880299944740032 
   2.030211650801748 	    2.900305272808543 
   1.950205263338664 	    2.910309686095392 
   1.860197483394226 	    2.930315030599472 
   1.770189490329968 	    2.950320326433751 
   1.680181683805479 	    2.960325227238730 
   1.580172385676199 	    2.980330894086582 
   1.490164086097133 	    2.990335650523577 
   1.400155578216496 	    3.000340323697123 
   1.310146429733815 	    3.020345120211879 
   1.220137456381336 	    3.030349509463274 
   1.120127253084055 	    3.040354156472615 
   1.030117817024104 	    3.050358145456417 
   0.939108062500988 	    3.060361954540992 
   0.846097897373501 	    3.070365568445407 
   0.752087707270255 	    3.070368816207127 
   0.659077164308710 	    3.080371817865706 
   0.565066570082688 	    3.080374438422247 
   0.471055622198399 	    3.090376747831664 
   0.377044716917356 	    3.090378627857181 
   0.283033577107360 	    3.100380132657517 
   0.189022479744048 	    3.100381202007605 
   0.094311233240297 	    3.100381853377626 
   2.760260706544452 	    2.870271203006697 
   2.670254582313305 	    2.890275839682904 
   2.580248311536678 	    2.910280572518266 
   2.490241872485488 	    2.930285400440422 
   2.400235267332805 	    2.950290306646620 
   2.310228489549249 	    2.970295278280690 
   2.210220823608190 	    2.990300751679400 
   2.120213655456293 	    3.010305804821423 
   2.030206685730317 	    3.020310446885863 
   1.930198363272474 	    3.040315994701341 
   1.840190980758368 	    3.050320663504139 
   1.740182173806956 	    3.070326166823747 
   1.650174354778454 	    3.080330781347765 
   1.550165072982479 	    3.100336124363101 
   1.460156794317199 	    3.110340578628473 
   1.360147398373160 	    3.120345378080610 
   1.270138676765517 	    3.130349592010117 
   1.170128790073278 	    3.140354078585244 
   1.070118648058308 	    3.150358339096857 
   0.977108988435426 	    3.160362083925370 
   0.880098722379482 	    3.170365727038177 
   0.783088510383393 	    3.170368943522370 
   0.685077761398808 	    3.180372009995788 
   0.588066958867004 	    3.190374694084291 
   0.490056092244590 	    3.190376948385667 
   0.392045070195340 	    3.190378831072092 
   0.294033819302818 	    3.200380375008511 
   0.196022601312842 	    3.200381442905573 
   0.098111329067522 	    3.200382088912328 
   2.870262901757801 	    2.990273882716483 
   2.780256891086750 	    3.010278197637757 
   2.690250746437972 	    3.030282622660440 
   2.590243818552830 	    3.050287526372780 
   2.500237351815934 	    3.070292131642863 
   2.400230419936760 	    3.080296738129503 
   2.300222938480454 	    3.100301916944018 
   2.210215947578447 	    3.120306718410484 
   2.110208414554252 	    3.130311547009374 
   2.010200306555150 	    3.150316841213455 
   1.910192328376677 	    3.160321722575244 
   1.810183770696466 	    3.180326976646415 
   1.720176136725695 	    3.190331378756135 
   1.620167484783664 	    3.200336184673275 
   1.520158578963445 	    3.210340914526333 
   1.420149436835675 	    3.220345541873065 
   1.320140052573578 	    3.230350030162779 
   1.220130432419420 	    3.240354355072383 
   1.120120590607224 	    3.250358491643071 
   1.020110527530765 	    3.260362399364526 
   0.915099755726583 	    3.270366215019470 
   0.813089077103967 	    3.280369623150117 
   0.712078538375768 	    3.280372532937210 
   0.611067624061720 	    3.290375257481460 
   0.509056625439504 	    3.290377518833017 
   0.407045472663556 	    3.290379405385693 
   0.306034210008372 	    3.300380974287411 
   0.204022861786089 	    3.300382049552945 
   0.102011447887635 	    3.300382699444759 
   2.990266060870455 	    3.110276584493538 
   2.890259580236541 	    3.130280915529345 
   2.790253253075567 	    3.140284852327995 
   2.690246458758679 	    3.160289463945919 
   2.590239497403622 	    3.180294179525670 
   2.490232345618172 	    3.200298994236031 
   2.390225345393828 	    3.210303410935377 
   2.290217828929761 	    3.230308383270212 
   2.190210438953553 	    3.240312951003244 
   2.090202523634491 	    3.260318007169163 
   1.990194724442117 	    3.270322655056768 
   1.880185939761706 	    3.280327743094282 
   1.780177376924485 	    3.300332757537061 
   1.680168911073498 	    3.310337352175535 
   1.570159375706817 	    3.320342304617202 
   1.470150446325692 	    3.330346738316145 
   1.370141299204057 	    3.340351059026814 
   1.260131013698373 	    3.350355610449393 
   1.160121417970318 	    3.360359589350059 
   1.050110902449136 	    3.360363480912715 
   0.949100792155695 	    3.370367044452189 
   0.844090094657465 	    3.380370460843374 
   0.739079407672263 	    3.380373384657593 
   0.634068362393082 	    3.390376149512613 
   0.528057222115700 	    3.390378420045318 
   0.423046034887914 	    3.390380299576313 
   0.317034527830920 	    3.400381923492591 
   0.211023037100850 	    3.400383000816920 
   0.106011589850972 	    3.400383647242379 
   3.110269580464710 	    3.230279646014891 
   3.000262907162691 	    3.240283408171293 
   2.900256392184235 	    3.260287581182300 
   2.800249736838973 	    3.280291878007036 
   2.690242569431200 	    3.290296133135024 
   2.590235584386718 	    3.310300674695801 
   2.480228038303431 	    3.320305200071218 
   2.380220694626852 	    3.340309923748179 
   2.270212748822091 	    3.350314640358869 
   2.170205019379948 	    3.370319467250833 
   2.060196633806774 	    3.380324299760061 
   1.950188017550916 	    3.390329155874285 
   1.850179953529586 	    3.400333607579357 
   1.740170873739886 	    3.410338441825749 
   1.630161543967496 	    3.420343214179277 
   1.530152821659704 	    3.430347510894821 
   1.420143016854939 	    3.440352089168123 
   1.310132977755072 	    3.450356505197249 
   1.200122689277804 	    3.460360734598059 
   1.090112175518134 	    3.470364741669782 
   0.983101948603350 	    3.470368162788735 
   0.875091211117635 	    3.480371586420627 
   0.766080371041142 	    3.480374528963128 
   0.656069081147546 	    3.490377357924178 
   0.547057887984777 	    3.490379620270984 
   0.438046543284015 	    3.490381512605947 
   0.328034890265288 	    3.500383173088926 
   0.219023350225232 	    3.500384248775802 
   0.110011744293677 	    3.500384901979629 
   3.220273101567855 	    3.340282767721852 
   3.110266268480502 	    3.360286745706645 
   3.010259882940711 	    3.380290613621174 
   2.900252989477277 	    3.390294406832401 
   2.790245680364315 	    3.410298882741225 
   2.680238447390873 	    3.420302989279768 
   2.570230766096580 	    3.440307728395417 
   2.460223154595646 	    3.450312096749364 
   2.350215340065422 	    3.460316571602425 
   2.240207323296524 	    3.470321128421271 
   2.130198831135012 	    3.490326175182266 
   2.020190369945310 	    3.500330823959868 
   1.910181690785150 	    3.510335483827598 
   1.800172782321393 	    3.520340125909493 
   1.690163650969770 	    3.530344726336460 
   1.580154277943540 	    3.540349249249847 
   1.470144677750611 	    3.550353666003081 
   1.360135073730238 	    3.550357650084616 
   1.240124120284422 	    3.560362118792166 
   1.130113827462812 	    3.570366019836042 
   1.020103519086982 	    3.570369444715292 
   0.905092350834939 	    3.580372999736144 
   0.792081333751090 	    3.580375958195038 
   0.679069995455004 	    3.590378807070843 
   0.566058628934534 	    3.590381088548435 
   0.453047112236315 	    3.590382997062894 
   0.340035405118499 	    3.600384684154611 
   0.227023691449485 	    3.600385772914970 
   0.113011809697964 	    3.600386437013288 
   3.340277235974715 	    3.460286490519875 
   3.220269962540520 	    3.480290374670261 
   3.110263313846513 	    3.490293681128481 
   3.000256302573931 	    3.510297703256047 
   2.890249350777087 	    3.520301374751908 
   2.780242224764953 	    3.530305218285176 
   2.660234065226037 	    3.550310014484370 
   2.550226574823970 	    3.560314135116548 
   2.440218901674367 	    3.570318373004242 
   2.320210329025809 	    3.580323059079985 
   2.210202252045606 	    3.590327468216849 
   2.090192994857587 	    3.610332714614785 
   1.980184476074759 	    3.620337188729934 
   1.860174960944350 	    3.630342029840676 
   1.750166210786038 	    3.630346098580931 
   1.630156199843023 	    3.640350858953548 
   1.520146784956014 	    3.650355154265210 
   1.400136271410204 	    3.660359669439831 
   1.290126598975632 	    3.660363377214809 
   1.170115625775403 	    3.670367534780202 
   1.050104408123086 	    3.680371423630098 
   0.936093709489760 	    3.680374607212572 
   0.819082374908240 	    3.690377837402194 
   0.702071001900699 	    3.690380490964128 
   0.585059454006751 	    3.690382798187693 
   0.468047667460955 	    3.700384933365254 
   0.351035862457320 	    3.700386451579389 
   0.234023962367949 	    3.700387550847750 
   0.117011997770383 	    3.700388216279369 
   3.450281120853913 	    3.580290708981959 
   3.340274719684131 	    3.590293510385890 
   3.220267412478598 	    3.610297275233336 
   3.100260122159963 	    3.620300724370787 
   2.990253274782923 	    3.630304129081571 
   2.870245453413764 	    3.650308482591868 
   2.750237630941725 	    3.660312515569701 
   2.640230265766240 	    3.670316401680526 
   2.520222048188132 	    3.680320737166481 
   2.400213617337764 	    3.690325198439263 
   2.280204959710913 	    3.700329751393756 
   2.160196081300203 	    3.710334377429592 
   2.040186960695641 	    3.720339047040063 
   1.930178374318420 	    3.730343374116555 
   1.810168789811967 	    3.740348038274660 
   1.690158962302236 	    3.750352646507609 
   1.570149066329566 	    3.750356820067599 
   1.450138757621269 	    3.760361230599420 
   1.330128194385447 	    3.770365480891134 
   1.210117567729048 	    3.770369228243725 
   1.090106563653565 	    3.780373059815026 
   0.966095108683401 	    3.780376448540542 
   0.846083691259552 	    3.790379698467186 
   0.725072116288255 	    3.790382386894816 
   0.604060365346558 	    3.790384720538809 
   0.484048489252135 	    3.800386885346696 
   0.363036478977171 	    3.800388427588893 
   0.242024373519837 	    3.800389543893210 
   0.121012203457401 	    3.800390219658426 
   3.570285855676191 	    3.700295015709249 
   3.450278981212656 	    3.710297681459931 
   3.330271967076607 	    3.720300594201918 
   3.210264635617341 	    3.740304262926156 
   3.090257292308978 	    3.750307618296344 
   2.960249167057169 	    3.760311451540051 
   2.840241460274082 	    3.770315226546603 
   2.720233566557292 	    3.780319176724851 
   2.600225474024094 	    3.790323279607359 
   2.480217177502384 	    3.800327521055422 
   2.360208670390395 	    3.810331869132404 
   2.230199220215794 	    3.820336635142977 
   2.110190253929107 	    3.830341128284960 
   1.990181062521690 	    3.840345641894928 
   1.860171009441700 	    3.840350107770158 
   1.740161327547150 	    3.850354593872479 
   1.620151413780370 	    3.860359004458364 
   1.490140566434064 	    3.860363282661044 
   1.370130178146482 	    3.870367437422009 
   1.250119557036695 	    3.880371416092322 
   1.120107960854665 	    3.880375149292972 
   0.997096749057094 	    3.880378434729725 
   0.873085139712450 	    3.890381743404519 
   0.748073347753833 	    3.890384466635058 
   0.623061378380139 	    3.890386833763750 
   0.499049290179349 	    3.900389044765174 
   0.374037056921513 	    3.900390609516491 
   0.249024725851837 	    3.900391741068812 
   0.125012429281345 	    3.900392421379439 
   3.680290311449493 	    3.820299738499083 
   3.560283532496293 	    3.830302099263389 
   3.430276044188754 	    3.840304882647701 
   3.310268976562081 	    3.850307738761685 
   3.180261149987533 	    3.860311045768397 
   3.060253746708036 	    3.870314361351926 
   2.930245551522775 	    3.880318130291282 
   2.810237785369397 	    3.890321836709637 
   2.680229173722300 	    3.900325995452699 
   2.560221010607552 	    3.910330019897263 
   2.430211950834768 	    3.920334480766928 
   2.300202650810925 	    3.930339048693128 
   2.180193828823342 	    3.940343367385467 
   2.050184165566561 	    3.940347653252197 
   1.920174114758784 	    3.950352369592621 
   1.790163794565591 	    3.960357047077371 
   1.670154150000507 	    3.960360974498583 
   1.540143325183764 	    3.970365503914024 
   1.410132352934233 	    3.970369539944644 
   1.280121020075444 	    3.980373734148278 
   1.160110435930980 	    3.980377111075533 
   1.030098643250695 	    3.990380832039482 
   0.899086639923514 	    3.990383966921054 
   0.771074706367694 	    3.990386708870059 
   0.643062595446266 	    3.990389096719188 
   0.514050181563691 	    4.000391372950075 
   0.386037800363095 	    4.000392952497529 
   0.257025223614856 	    4.000394105783164 
   0.129012677163646 	    4.000394799386657 
   3.800295577820145 	    3.940304560344615 
   3.670288346377576 	    3.950306742168823 
   3.540280972518480 	    3.960309209782334 
   3.410273440106316 	    3.970311941030037 
   3.280265740072723 	    3.980314947646434 
   3.150257858176030 	    3.990318203331864 
   3.020249888681821 	    3.990321215135160 
   2.890241623287225 	    4.000324942474575 
   2.760233144550766 	    4.010328870715032 
   2.630224447239527 	    4.020332968610531 
   2.500215521047456 	    4.030337226793046 
   2.370206466292259 	    4.030341170087455 
   2.240197062644246 	    4.040345655641598 
   2.110187409771771 	    4.050350193847012 
   1.980177600699241 	    4.050354363554778 
   1.850167446817567 	    4.060358931165978 
   1.720157020489652 	    4.070363443509348 
   1.590146445208800 	    4.070367507302193 
   1.450134668169930 	    4.080372111183393 
   1.320123563896376 	    4.080375887057722 
   1.190112205446322 	    4.080379478056448 
   1.060100558369593 	    4.090383146238925 
   0.926088394315698 	    4.090386305696280 
   0.794076207444623 	    4.090389092929751 
   0.662063834342145 	    4.090391522257410 
   0.529051174454866 	    4.100393848946315 
   0.397038521948542 	    4.100395455768407 
   0.265025770460119 	    4.100396622790193 
   0.132012853697284 	    4.100397334762978 
   3.910300602057140 	    4.050309204025994 
   3.780293477400527 	    4.060311082592907 
   3.650286215711049 	    4.070313244527719 
   3.510278239594088 	    4.080315840887819 
   3.380270671396911 	    4.090318552058996 
   3.250262930797769 	    4.100321527234865 
   3.110254393220557 	    4.110324966189981 
   2.980246346885991 	    4.110327952311130 
   2.850238022472879 	    4.120331637444864 
   2.710228829920727 	    4.130335776989349 
   2.580220066031095 	    4.140339819661985 
   2.440210436685117 	    4.140343861615716 
   2.310201190817037 	    4.150348167400000 
   2.170191029916297 	    4.150352442641920 
   2.040181269736351 	    4.160356881093166 
   1.900170545217604 	    4.160361238967688 
   1.770160269588448 	    4.170365652753309 
   1.630148969209800 	    4.170369923408525 
   1.500138173192448 	    4.180374151220191 
   1.360126327939732 	    4.180378159127414 
   1.220114148641411 	    4.190382284079329 
   1.090102663234174 	    4.190385572166301 
   0.953090326096328 	    4.190388761110553 
   0.817077865669660 	    4.190391599332202 
   0.681065177087049 	    4.200394365102636 
   0.545052369680641 	    4.200396435005271 
   0.409039423674292 	    4.200398078335085 
   0.272026277196399 	    4.200399277513502 
   0.136013156566057 	    4.200399997733624 
   4.030306275490789 	    4.170314497009460 
   3.890298720982312 	    4.180316166396445 
   3.750291032145632 	    4.190318137715468 
   3.620283746016606 	    4.200320291272871 
   3.480275789091946 	    4.200322368782041 
   3.340267609641620 	    4.210325243141750 
   3.200259230068940 	    4.220328404454569 
   3.070251298131568 	    4.220331146263894 
   2.930242506155980 	    4.230334822828045 
   2.790233475789505 	    4.240338734581391 
   2.650224245784085 	    4.240342384945022 
   2.510214705728428 	    4.250346678890132 
   2.370204946026791 	    4.250350674157345 
   2.230194860626241 	    4.260355214134769 
   2.100185284778597 	    4.260359100878557 
   1.960174655242231 	    4.270363735640780 
   1.820163764216100 	    4.270367955863207 
   1.680152553103482 	    4.280372506964870 
   1.540141085985758 	    4.280376578388171 
   1.400129324303953 	    4.280380515166717 
   1.260117276590002 	    4.290384600492271 
   1.120104986285580 	    4.290388099451095 
   0.979092363531149 	    4.290391336151915 
   0.840079690910507 	    4.290394204318305 
   0.700066722430730 	    4.300397030722920 
   0.560053593292811 	    4.300399141239588 
   0.420040322879774 	    4.300400817837220 
   0.280026944171189 	    4.300402034266866 
   0.140013490597214 	    4.300402771839839 
   4.140311601528480 	    4.290320053949954 
   4.000304155977161 	    4.300321438495862 
   3.860296618900096 	    4.300322610894715 
   3.720288914785341 	    4.310324588979014 
   3.580281058102339 	    4.320326878699190 
   3.440273056318909 	    4.320328968131497 
   3.290264263390783 	    4.330332027151657 
   3.150255843121720 	    4.340335199567177 
   3.010247234284302 	    4.340338154695290 
   2.870238378509843 	    4.350341835544330 
   2.720228633002400 	    4.350345529508719 
   2.580219275417051 	    4.360349616391873 
   2.440209641360362 	    4.360353429278116 
   2.300199747142627 	    4.370357806372072 
   2.150188821539772 	    4.370362127349835 
   2.010178328309467 	    4.370366226804699 
   1.870167542193543 	    4.380370736697040 
   1.720155664460171 	    4.380375092918479 
   1.580144265529257 	    4.380379085889598 
   1.440132596184563 	    4.390383312725314 
   1.290119781490852 	    4.390387250630392 
   1.150107543978872 	    4.390390699278782 
   1.010095065793832 	    4.390393886256305 
   0.863081717724850 	    4.400397212156107 
   0.719068430175047 	    4.400399776498171 
   0.575054954455261 	    4.400401932276612 
   0.431041328075634 	    4.400403644076723 
   0.288027680993919 	    4.400404879170345 
   0.144013860683509 	    4.400405634968858 
   4.260317600059237 	    4.410325728519237 
   4.110309752852690 	    4.410326387877085 
   3.970302306187682 	    4.420327800497890 
   3.820294205772813 	    4.430329585819708 
   3.680286513041893 	    4.430331088090496 
   3.530278087068687 	    4.440333534750795 
   3.380269473158991 	    4.440335820760463 
   3.240261241508255 	    4.450338736335212 
   3.090252183395207 	    4.450341646121855 
   2.940242894071809 	    4.460345311401915 
   2.800233950148003 	    4.460348547560093 
   2.650224097849915 	    4.460352243390533 
   2.500213967198536 	    4.470356576586070 
   2.360204195253893 	    4.470360359027174 
   2.210193411343997 	    4.470364546816000 
   2.060182326684386 	    4.480369206913136 
   1.920171648648663 	    4.480373198475519 
   1.770159864746979 	    4.480377470874234 
   1.620147784708378 	    4.490382031381590 
   1.480136177916346 	    4.490385820340427 
   1.330123425721107 	    4.490389713837097 
   1.180110367592488 	    4.490393368064205 
   1.030097011406572 	    4.490396734103776 
   0.885083889062710 	    4.500399990010250 
   0.738070323303721 	    4.500402587454936 
   0.590056468871595 	    4.500404787457644 
   0.443042545489982 	    4.500406526258822 
   0.295028402464097 	    4.500407798064916 
   0.148014270553235 	    4.500408564822836 
   4.370323187192994 	    4.530331586442781 
   4.220315427293732 	    4.530332019438389 
   4.070307580609113 	    4.540333239588182 
   3.920299618257589 	    4.540334262347286 
   3.770291515706856 	    4.540335600231554 
   3.620283276030375 	    4.550337780858949 
   3.470274831130429 	    4.550339795868919 
   3.320266213831635 	    4.560342626851924 
   3.170257340922640 	    4.560345285188826 
   3.020248222177136 	    4.560348247762640 
   2.870238876726698 	    4.570351950437566 
   2.720229197800959 	    4.570355433486771 
   2.570219221208784 	    4.570359139541080 
   2.420208985033801 	    4.580363448156955 
   2.270198351192238 	    4.580367465535216 
   2.120187376163347 	    4.580371580982968 
   1.970176054830307 	    4.580375747528015 
   1.820164456695936 	    4.590380296636239 
   1.660151624901020 	    4.590384668993966 
   1.510139231509340 	    4.590388652469438 
   1.360126511553774 	    4.590392476319915 
   1.210113465298568 	    4.590396083009606 
   1.060100187967934 	    4.600399752481130 
   0.908086387308601 	    4.600402793411121 
   0.757072425684871 	    4.600405442390765 
   0.606058249228878 	    4.600407674534448 
   0.454043799910963 	    4.600409463121849 
   0.303029309311070 	    4.600410754674406 
   0.151014629582193 	    4.600411543737353 
   4.490329354250221 	    4.650337543170628 
   4.330321168816427 	    4.650337799268737 
   4.180313433571293 	    4.650338284192940 
   4.030305628822145 	    4.660339553996497 
   3.870297166613664 	    4.660340697572070 
   3.720289095889275 	    4.660342097008587 
   3.560280297553299 	    4.660343957884906 
   3.410271910607451 	    4.670346522838603 
   3.250262672812735 	    4.670349094785761 
   3.100253764621395 	    4.670351811397032 
   2.950244678924342 	    4.680355277522750 
   2.790234577881519 	    4.680358764392330 
   2.640224797242337 	    4.680362267052469 
   2.480214012257367 	    4.680366209512909 
   2.330203542942810 	    4.680370073082543 
   2.170192101763976 	    4.690374732032657 
   2.020180900778434 	    4.690378760998708 
   1.860168559510497 	    4.690383076632770 
   1.710156609543979 	    4.690387090968720 
   1.550143462427430 	    4.690391267555758 
   1.400130783998186 	    4.690395038761101 
   1.240116983640013 	    4.700399180340482 
   1.090103628973480 	    4.700402469229931 
   0.931089153318950 	    4.700405627765406 
   0.776074759755501 	    4.700408322914662 
   0.621060127700256 	    4.700410598522129 
   0.466045298844480 	    4.700412412864993 
   0.310030220607421 	    4.700413740385410 
   0.155015136361652 	    4.700414540299051 
   4.600335016024721 	    4.760343090585216 
   4.440326920886473 	    4.770343713233465 
   4.290319291880548 	    4.770344005710155 
   4.130311096808081 	    4.770344586548252 
   3.970302810508742 	    4.770345486437306 
   3.810294399680674 	    4.770346719032861 
   3.650285890222368 	    4.780348808795541 
   3.490277138087964 	    4.780350754659560 
   3.340268716355996 	    4.780352914659501 
   3.180259477114235 	    4.780355556166136 
   3.020249952871481 	    4.780358512636177 
   2.860240218607151 	    4.790362241949799 
   2.700230017761272 	    4.790365767752065 
   2.540219445041803 	    4.790369523359505 
   2.380208472455416 	    4.790373454692946 
   2.230197806439668 	    4.790377283920044 
   2.070186019050290 	    4.790381456086176 
   1.910173800653352 	    4.790385653912239 
   1.750161149068052 	    4.790389833896697 
   1.590148214694921 	    4.800394299406886 
   1.430134700166735 	    4.800398227365126 
   1.270120790850398 	    4.800401956011642 
   1.110106492019209 	    4.800405414605554 
   0.954092214327599 	    4.800408469549566 
   0.795077353706248 	    4.800411211124132 
   0.636062222901951 	    4.800413525949456 
   0.477046868752397 	    4.800415372816956 
   0.318031343162541 	    4.800416717393581 
   0.159015700976801 	    4.800417534715368 
   4.720341165075665 	    4.880349199265422 
   4.560333109194824 	    4.880349215473399 
   4.390324565391058 	    4.880349389517416 
   4.230316538235732 	    4.890350290670334 
   4.070308446788347 	    4.890350966775097 
   3.910300266277289 	    4.890351952591511 
   3.740291441402120 	    4.890353366257118 
   3.580282960801950 	    4.890355059676559 
   3.420274270008826 	    4.890357091588312 
   3.260265325175284 	    4.890359481998551 
   3.090255506999834 	    4.890362382429563 
   2.930245941492619 	    4.890365410765168 
   2.770236009142985 	    4.890368728627436 
   2.600225038342786 	    4.890372520334950 
   2.440214293315779 	    4.890376279773208 
   2.280203311334272 	    4.900380614134587 
   2.120191693823304 	    4.900384635121967 
   1.950178847122861 	    4.900388951550196 
   1.790166276570360 	    4.900393000770841 
   1.630153254792857 	    4.900396992653331 
   1.470139773857804 	    4.900400853140324 
   1.300124976320023 	    4.900404747526458 
   1.140110624071156 	    4.900408155583312 
   0.977095608766044 	    4.900411309123274 
   0.814080239782150 	    4.900414086691317 
   0.651064561150664 	    4.900416434826831 
   0.489048725366103 	    4.900418299622492 
   0.326032595516077 	    4.900419668334410 
   0.163016331835568 	    4.900420500503466 
   0.000000000000001 	    4.900420779661752 
   0.000000000000001 	    4.800417808828802 
   0.000000000000001 	    4.700414808810291 
   0.000000000000001 	    4.600411805486996 
   0.000000000000001 	    4.500408824755238 
   0.000000000000001 	    4.400405887994473 
   0.000000000000001 	    4.300403018999631 
   0.000000000000001 	    4.200400239330290 
   0.000000000000001 	    4.100397570141553 
   0.000000000000001 	    4.000395034564979 
   0.000000000000001 	    3.900392651917674 
   0.000000000000001 	    3.800390445733792 
   0.000000000000001 	    3.700388439307350 
   0.000000000000001 	    3.600386655982490 
   0.000000000000001 	    3.500385123760866 
   0.000000000000001 	    3.400383866842202 
   0.000000000000001 	    3.300382916615410 
   0.000000000000001 	    3.200382305995677 
   0.000000000000001 	    3.100382069875950 
   0.000000000000001 	    3.000382248054500 
   0.000000000000001 	    2.900382884405917 
   0.000000000000001 	    2.800384028343176 
   0.000000000000001 	    2.700385735037154 
   0.000000000000001 	    2.600388066988812 
   0.000000000000001 	    2.500391095934655 
   0.000000000000001 	    2.400394903148654 
   0.000000000000001 	    2.300399574267731 
   0.000000000000001 	    2.200405187769214 
   0.000000000000001 	    2.100411912241555 
   4.830346743927386 	    5.000355326840833 
   4.670338703387141 	    5.000355305288404 
   4.500330233990382 	    5.000355383848119 
   4.330321819507756 	    5.000355640738317 
   4.170313914901852 	    5.000356128743602 
   4.000305471548677 	    5.000356952785912 
   3.830296930900133 	    5.000358132987923 
   3.670288754105360 	    5.000359579641453 
   3.500279860119147 	    5.000361482639894 
   3.330270707616506 	    5.000363759181335 
   3.170261805399084 	    5.000366260523500 
   3.000251989144453 	    5.000369232055905 
   2.830241773189826 	    5.000372512470563 
   2.670231749642974 	    5.000375879341074 
   2.500220626829097 	    5.000379663604120 
   2.330209015645190 	    5.000383625724279 
   2.170197587152018 	    5.000387491916505 
   2.000184912873428 	    5.000391671518184 
   1.830171683620406 	    5.000395844236042 
   1.670158726992337 	    5.000399730431193 
   1.500144422989078 	    5.000403732151455 
   1.330129584940435 	    5.000407543583869 
   1.170115159439681 	    5.000410890286493 
   1.000099374967518 	    5.000414128684118 
   0.833083452475139 	    5.000416930437446 
   0.667067272112766 	    5.000419290458762 
   0.500050697765220 	    5.000421189071813 
   0.333033894510925 	    5.000422572589027 
   0.167017037418407 	    5.000423409800626 
   1.380283270005130 	    1.450297437213474 
   1.340274120000769 	    1.490305736238028 
   1.300266202456407 	    1.520313084599481 
   1.260258624104161 	    1.550319904772735 
   1.220249104538724 	    1.590326916700033 
   1.180240178748089 	    1.620333712427868 
   1.130230380757344 	    1.650341462882972 
   1.090221666542124 	    1.680347335997031 
   1.040211307714298 	    1.710354274513902 
   1.000203701245251 	    1.730359451345109 
   0.954193894743142 	    1.760364971563576 
   0.908185120731121 	    1.780370284139441 
   0.861174680206886 	    1.810375227058446 
   0.813164596403506 	    1.830380316451238 
   0.765154725899832 	    1.850384997231242 
   0.717144703901910 	    1.870389340787258 
   0.668134011018020 	    1.890393489331158 
   0.618124400622390 	    1.900397780728412 
   0.568114137348313 	    1.920401076957422 
   0.518104302810047 	    1.930404521670672 
   0.467095066334739 	    1.940407455839549 
   0.416084502752988 	    1.960409376133645 
   0.364073320020964 	    1.970411774125091 
   0.313062187869348 	    1.980413791158957 
   0.261051916316907 	    1.980416225419323 
   0.209041745662877 	    1.990417376412745 
   0.157031834665444 	    1.990418818194529 
   0.105021433192887 	    2.000419008619261 
   0.052410500006435 	    2.000419638870448 
